There are 5 matrices currently in this container:



Normal matrix (2x2)

8.93 3.27 
4.99 5.24 

Mean: 5.6075



Normal matrix (6x6)

2.49 8.81 7.49 -4.58 -0.79 3.22 
-3.63 -2.19 -5.74 -4.93 3.77 -7.97 
-2.96 1.25 1.51 6.94 0.54 5.26 
-9.33 -9.73 9.78 0.42 3.47 9.37 
-5.57 -0.66 4.76 -8.49 3.07 2.76 
3.79 5.33 -2.17 -1.06 -9.98 2.98 

Mean: 0.20083



Diagonal matrix (9x9)

1.11 0 0 0 0 0 0 0 0 
0 1.94 0 0 0 0 0 0 0 
0 0 7.34 0 0 0 0 0 0 
0 0 0 -8.27 0 0 0 0 0 
0 0 0 0 1.51 0 0 0 0 
0 0 0 0 0 -5.17 0 0 0 
0 0 0 0 0 0 -1.72 0 0 
0 0 0 0 0 0 0 7.71 0 
0 0 0 0 0 0 0 0 6.04 

Mean: 0.12951



Normal matrix (17x17)

-3.45 -4.72 1.89 8.01 9.17 0.16 2.98 -1.67 -9.63 0.22 9.07 0.99 2.69 8.8 -9.34 -9.88 -9.42 
2.33 -0.27 -10.0 0.43 8.61 -5.32 -6.87 6.46 -6.87 7.91 1.27 -2.42 6.26 -9.04 7.31 -7.51 8.43 
-6.94 -6.51 -6.81 -8.48 6.07 9.0 5.13 -3.8 -2.98 4.08 0.65 8.12 -6.25 9.08 4.75 9.44 7.84 
3.68 -2.7 -4.55 4.94 -3.12 -1.1 -8.06 -6.84 -3.17 5.55 -0.63 1.83 0.35 -6.51 6.27 9.26 9.74 
-4.08 8.11 8.37 9.21 -2.38 -7.28 -0.18 0.16 -6.64 0.64 -8.94 5.47 0.97 1.32 -4.41 6.83 -0.22 
-6.88 2.37 -5.98 -4.26 -1.07 -9.43 -3.15 -1.36 -2.54 1.92 9.4 -9.82 -0.38 6.33 0.59 6.93 -1.83 
-9.54 -4.69 2.16 6.43 -1.18 5.56 -6.5 4.1 -1.5 9.0 -5.19 -7.02 -7.57 -9.1 -8.72 0.07 -5.29 
5.81 -5.69 -9.16 9.78 -3.96 6.39 -8.06 -0.11 -5.25 -9.09 -0.29 -0.19 -2.42 0.1 8.35 -7.99 3.69 
-2.33 6.77 9.04 -0.33 4.42 -6.18 7.36 2.35 -3.54 4.06 -9.83 -1.5 -1.6 8.9 -0.86 7.94 -1.5 
3.99 -0.25 1.75 9.21 -1.58 -3.29 -6.4 -6.57 -1.18 1.12 2.34 -3.73 -4.34 2.3 2.02 -7.98 -1.03 
-8.88 1.55 0.11 -0.84 -7.68 -6.76 -9.01 -2.42 7.72 -2.54 8.04 -4.1 4.4 -3.67 8.6 2.52 3.65 
3.59 3.94 -4.71 1.05 -5.28 -4.85 -2.76 -9.99 -3.04 5.56 2.8 -2.78 8.78 3.54 -3.72 -5.35 -2.21 
9.83 -8.02 -6.5 -0.57 -4.11 3.5 -1.92 2.38 -7.29 -6.74 -1.6 -1.01 5.22 -9.6 8.72 7.19 -2.1 
0.82 2.83 -7.81 8.19 7.08 9.87 3.91 -4.6 -5.06 -9.19 9.42 4.98 -0.49 -8.36 -2.35 -0.61 -0.58 
-8.33 -7.76 -9.68 -7.22 5.77 2.27 6.03 0.71 8.84 1.36 -2.84 -1.7 6.69 4.68 -4.48 -1.32 -2.08 
-1.73 -0.27 -4.21 9.35 -7.62 -5.6 7.21 2.55 8.32 8.46 -0.33 -5.89 5.7 -0.07 2.37 7.92 -4.59 
-0.19 -3.59 -8.67 -7.56 -8.45 -5.71 -6.55 7.42 8.16 -3.35 -4.29 -8.3 5.26 -1.27 -1.31 -8.15 -5.28 

Mean: -0.36142



Normal matrix (4x4)

2.28 3.19 0.18 -7.55 
-2.91 -4.0 -6.48 4.4 
4.79 -4.44 -0.93 -1.41 
8.83 -5.54 -9.19 -7.47 

Mean: -1.64062
